0.058842105584811726
0.08184122930486332
0.10196702376564946
0.14501946695849227
0.17405775716001093
0.20620086697475368
0.2403835113739973
0.2803239313173115
0.3078497411907767
0.3440360362506796
0.36638531021354204
0.39871666804657224
0.43617372114276
0.4643070098937695
0.4923321326546807
0.5108032551108113
0.5425247775253771
0.5528265796903213
0.5808233532776079
0.6080400322371554
0.6294090207403472
0.6557236817666744
0.6755830801939892
0.6984162355411615
0.7188471991028176
0.737682111441564
0.7487921006460778
0.7722478834848067
0.7869432905656776
0.8022673524373015
0.8026503106163603
0.8135999662959696
0.824551782232487
0.8347212358010401
0.8451807379391825
0.8579666247342733
0.8629558039414645
0.8734388886557155
0.8793610253892638
0.8860413139055302
0.8904148336920296
0.896385752099093
0.9020377201721218
0.9051873957757951
0.912210169901865
0.9187840214684612
0.9239943973785179
0.9302764847459599
0.9333095010349488
0.9380409762329929
0.9427661700400704
0.9466214670031273
0.9496295911828272
0.9502857959967659
0.9553890057698716
0.9578683725018422
0.9611178662799732
0.9646525411698984
0.9671807497794508
0.9690573024216604
0.9707395243894857
0.9733271912576682
0.9749440132680224
0.9763265364640209
0.9784984044474165
0.9805378997760233
0.9823803654467437
0.9828001721891444
0.9840186147963575
0.9850648458693991
0.986169045221703
0.9873969115935338
0.9885368569965126
0.9893509221599363
0.9901926248140078
0.9913330509176314
0.9920712161202017
0.9923161022583028
0.9927750955454476
0.9932756163531148
0.993890733328879
0.9942583010764434
0.9944818097157502
0.9948017181826898
0.9952723881570555
0.9956415225316305
0.9960187728459514
0.9963529389177603
0.9966833845465614
0.9968462872995831
0.9970318282149913
0.9973352515737136
0.9974688923388059
0.9976432790650651
0.9978103874117447
0.9980099129067764
0.998135396949018
0.9982983649262712
0.9983499236752811
0.998506938018276
