194.07929845822486
472.8172871574093
118.29517824714853
259.8244899768552
194.8235780701288
281.8553204567248
181.09401971309552
64.19583460206664
103.77978337758366
375.02021449680655
299.9516259509374
216.46608985818182
156.85900499511644
333.42189402914056
192.68987177207097
163.2130281199531
278.87729550972966
274.60458782073704
266.5509825130899
133.13619340999026
218.02005115749475
549.5504749281135
202.42261778212804
164.5672892447318
185.42552187798873
321.32438617833134
432.0816758601183
543.8199312490484
276.6288048822593
233.22927306155253
133.54246505022243
120.67738946196638
186.71960525813444
481.34367684274673
255.35956699963234
183.7381726453598
158.20218515611214
214.41124167247116
258.0519064391512
322.16627909360744
40.853887359105734
319.37657909707013
98.6249513952204
168.25753409946685
171.3387366770162
174.18249804697126
354.9772187108562
507.0169302269933
124.95766308246083
435.01232902169465
546.4523370047127
527.1250901212661
310.3457951503201
133.994411017595
286.2876276331394
193.97708243809126
246.7585455172684
180.5173737216667
518.2828861982821
214.37183559333076
387.2170282659544
423.7199102772291
361.99210040338846
328.7760703455679
300.0464720354211
323.5134600451774
307.9991311644608
272.5779742245722
184.87178994183444
453.971124225799
327.7914903100328
196.25829363366051
138.02309606081738
245.31927127146974
299.128462355807
331.4800348681824
160.86236662711298
287.8899125254439
277.84329698940473
334.0468058728446
333.1368535514486
196.26704540586314
279.0931954042842
414.0536236928473
312.49975683919286
250.18887409739756
147.13270354775952
337.5967880887416
110.94629947016372
312.80350765405933
278.44786928267155
453.36019441407484
169.14544863222918
151.51109251910012
454.37230665471714
237.9539390774492
481.15879453212034
198.76915609737776
249.86885115151352
158.57452119828397
239.58904216464538
466.96726928900114
274.8256202381514
235.86981554666116
364.6519464381902
165.55679674916067
218.5851311712284
138.87126041932498
526.9110140261811
236.07565012418453
298.41272664631185
531.7500065078005
460.1908377685112
415.6274569239019
146.54086542534466
553.2607694360884
553.377824514827
97.52101303538808
274.9751145145281
187.52091785510413
251.10014178689045
395.4471743386532
245.19658091245603
488.52782446786347
301.74613794798495
382.4298456213903
407.6226965266587
249.20183275150706
303.6121411108989
169.60007174303686
267.72702977967407
251.26188557282507
390.13597881504234
240.46068338828744
117.09171898209095
288.6507974060215
244.6467226637673
321.6977483882285
386.92378443627337
106.37165288667333
246.99067540432787
254.87766657784545
569.4547838231035
191.32435500196522
403.86024935255716
406.43041988258284
409.6197551702142
408.06056677479455
256.69190106600706
211.90621032423167
180.81763729620468
227.45020461517373
445.3430126045484
333.83271982272163
418.41540232508106
242.0792758740523
297.32839520685087
334.16739680432244
105.06525223558243
238.6806988170809
181.5487587417476
119.25154312619333
374.4198839786191
397.6410806075411
425.00287874668857
237.7701355219718
158.23138187223324
353.5123633560475
247.93538686842504
297.9981936160108
136.84599365646542
242.92056543000587
228.30967197525743
194.91380156671283
434.39415346126214
138.48971943722123
471.41615742623975
470.6826453879392
382.7084765626569
311.10930195252763
278.82962553659223
113.01615880715782
311.4991836390974
185.71215484879565
391.5879292954016
268.46045789976097
289.7182584814055
234.89666797205783
163.87102620411318
172.06245956674928
277.94998644614253
211.62805068045674
339.7076775588515
150.79993325747523
363.04085222536133
381.661203750845
536.581258958783
217.74826449104714
381.36645371016317
159.91871412739965
172.74767857730546
278.2101103471991
126.80249529489308
409.2385819520539
462.3148942735859
320.1670933660225
99.06358394752588
313.0518351296986
305.5208322860996
557.482405453899
164.1605777022162
196.82430746690713
216.54734530790765
192.1031911740939
277.06094934463545
368.61549289038254
387.8183974831749
283.78746557335387
241.26279301664755
180.55692975023487
474.18230343303475
321.71718155468983
320.52539280309753
272.58629692547515
516.3082934904895
254.68213171228558
375.8736032173985
436.86515543368193
77.2928577595543
301.9224001533688
350.7944221051514
288.04362692637886
266.3813959321658
320.75611871589194
644.7718795470723
333.8342642789622
504.93688401616066
182.7502368182993
277.4380454591821
207.8719052504211
238.16053121559602
254.28650454087548
311.92786633885987
266.1079238768246
111.25740272024225
114.75281187147803
387.59977253058673
220.62661133510798
317.6351922567396
172.35064359494504
152.7690989865228
369.02669193088366
384.9122670021135
236.32221688505732
480.9703218419146
666.2350204016532
93.85549138381779
384.5540750841973
266.00068534031357
481.18852946083035
291.2449913577713
138.00692798630882
279.47181144795695
363.4209429942182
247.62768646671137
602.8985352687442
356.81790237180314
344.1910682397086
236.3974981615419
220.12995848042831
196.8445370105919
242.76138163625646
506.3225501017522
166.67468809476333
193.84892414227502
340.8179041764124
387.64479140406405
164.01297643230257
125.49229931504466
257.1425573226393
209.06943642926458
154.26612123721884
258.7138604456901
333.02559190478627
202.60925576261866
305.5717140615802
224.94936472583606
345.862905800127
192.23066260420438
394.1614799524286
272.35316847895564
271.0758219049493
283.70042721402604
290.0403975022952
405.7434558242202
278.6361794892434
191.04539044407207
150.9552122809088
242.09300139004625
448.0807545602017
512.4546265680873
343.1382914968506
409.59243114382355
249.0022237906522
396.3494338991346
356.2142778184202
520.1083593022072
318.04174928217805
190.03418242036406
384.49890315303645
221.2463412221888
601.2168597817567
394.3824749247646
321.6349861864528
229.13260597368495
129.20048767143982
411.448828254873
303.7572085130156
632.1960062663527
182.73371009894552
375.77582529440434
436.42816571498787
262.3712057204842
200.31611859768623
323.75354584323196
332.26048533843795
99.30628970555476
169.10749108123804
233.7678041636791
265.9999276758215
184.4023950364505
231.15996843929193
136.10170437873597
264.23187686595634
421.19435903856606
349.1769968431531
211.82429516968622
211.48870654584118
204.2780743914017
282.32448942777495
292.34022421933446
308.9574608224342
183.10876788106043
247.03402487349723
190.85986318796725
288.2987484493452
468.6737324712535
514.9684350781733
231.1868730592988
496.7659840128262
363.6857150938624
295.1673500521584
193.41576159045474
142.22072312901267
213.56546815190094
199.37085016242054
297.7894136052211
675.8871767619771
275.4649130703186
404.91314019137224
334.5322455192543
252.32338995731587
198.1813315989824
201.12620121140637
291.3315677316783
187.3202008557413
237.35370222223156
369.4172215074555
392.31783676643283
524.2760293539988
294.2613991886484
412.5746957970936
296.2332360775358
536.2845456043473
386.63032011314965
119.86657460511925
75.20743858997007
326.9163184964981
636.4525103801391
382.63565446978936
167.7778468189779
115.43477553299387
353.39465759770553
463.46667343876584
265.8386236802162
239.9901556210633
108.4494417512329
390.9149950508051
344.5704198570068
222.8264188897251
363.2370842528056
274.7713209979198
76.33984015501885
313.60537385472713
373.82185194374813
293.10762455581283
411.4990427154611
215.4413856890696
188.14481319468553
134.30443182340855
283.2293513108501
368.077115115052
377.6815147368646
131.93017822513528
215.6072264721662
161.559038759395
275.9207080541466
294.5063268187454
314.3772523411342
212.16344368409582
195.74976433937954
453.9194300678014
133.34220754105993
205.76995507388042
155.07524235497812
398.5873692504331
237.55403266781502
250.74573235389838
105.88192134710663
107.76513082852276
132.41968794383303
150.84398695551673
426.1671346889592
182.64426668279083
405.7072963716012
338.51320503894937
63.636932222603846
217.1943348099591
180.13878826221978
221.0918268744893
198.5817489047553
12.055623137551086
170.41480655416007
312.89576226424316
309.2517464255334
460.4435297170167
342.8581259374906
352.9800501172157
272.9713172377851
269.49506198579405
165.39088003196176
245.42259760109673
114.91740113104062
245.66947041987873
293.47741368296306
217.81502993062298
130.43831188437403
447.6265529470408
409.602560543266
116.71335108607859
292.8559943089729
446.23825117540866
343.01794392372193
242.97439664970605
155.15918697247417
275.9225173948645
471.7538181222057
290.8814149710533
317.532410739355
234.05431812633216
408.47941870159275
165.09173000945734
164.09434746707154
280.3799618596928
418.7908553855683
357.4965071624297
211.72689406911493
126.84523131007298
381.2683464474857
434.8118454711042
217.03543536023687
241.25318769762424
386.35225769413137
372.90762913257043
256.1044382087494
226.7554819457359
249.11782496335974
150.71466256564176
249.2378464903413
135.1710263472701
233.78658144262454
461.0057776296754
229.58062232766844
297.6608851457499
558.8252765287677
358.1566112845706
231.90650655358277
359.4073624504349
335.0288188541912
117.43832268810489
239.2873837436656
330.08505256798986
310.90920744921533
103.52195147795622
435.2288223477342
222.88294403171236
173.2311253770275
239.44904001684426
309.92427332630757
522.8270524568737
231.81824715330757
206.4929728350045
264.70034665371696
200.88477425103835
186.65723890175454
226.30140809223613
151.78722281372495
265.4198014624165
222.82013436246822
148.37333522728207
174.80154965775975
192.97611768224027
419.1665775882426
418.39096608093627
151.54441567725036
296.4154691624644
178.52151191870917
200.3271442499246
193.75501728493663
445.08074217477
154.99601424203968
258.93588255366194
386.7454777153895
229.21342615476905
447.65278952567246
331.70133663663944
417.8498068575716
240.916057622792
193.9449525222173
145.42105880611211
320.11488162988246
438.52314718153536
364.75742436464253
285.38271209753503
376.1112626901521
212.15471077395574
167.3140469422839
302.60643659444514
624.0336421158702
305.4162066484119
427.10538346584667
234.56811881971984
92.45884818773223
273.79294518393647
259.0044625629615
374.9077976710861
155.59825247269353
250.9338126512864
389.56587245167293
135.73950803881323
512.8501689075039
339.07128315895784
379.20309343676655
237.79827739611167
311.2088628474144
184.6497404428739
80.61217785498206
409.5351397850391
354.24008319932756
278.8221487478211
215.21773063469453
357.93089192375
405.1915344722999
327.88821649135014
392.2195733974617
153.17744145007205
442.6802830894229
338.05324274375965
320.48970123051527
609.7116074883513
275.8075008053307
214.33775467965532
117.05831267374352
496.13037617795646
467.89556978052093
396.88520366438854
171.35548003585393
275.8978528238217
346.7182675612434
211.4100997522532
196.66886591598492
206.5745023773112
294.73430944079314
348.5039699087334
237.93447095689726
392.45144103736254
319.14237887975816
212.371155233878
136.57468777605158
377.1905649023097
237.40399291435403
318.39966888831816
166.5720435792248
318.6649097390607
277.74250908312916
205.80477208603693
261.2062772581714
279.40386728794965
226.42272997265954
228.03185064054534
269.18609105245247
486.447336202572
156.0915183139859
215.5433950054043
203.2326821922568
501.77197997607857
281.95871001830676
279.3677896133137
484.0856198769002
426.9833098547704
145.68921355607822
184.2300479096107
376.9126994918712
429.0017065404104
143.62953109936024
202.1272512484118
215.69852208230066
135.88740846578816
145.42041126087824
277.80904546539966
350.9734649083063
113.4008517139081
266.0661057587247
529.8521267978955
255.7059192446432
228.6221378189577
224.03598999458842
251.4189268282662
311.4594053539144
180.00884282801854
448.20831266755783
162.24340266231292
366.0759400704617
299.9871220216503
392.84292525516025
256.28702571625377
263.90285370759415
161.34066010972998
226.77547639958001
287.3952923286214
446.8510429623241
351.104725068487
331.49546937204553
195.23479473641052
108.62161232289478
355.38924520195263
210.071710140841
223.30402245640545
225.62311134758806
114.54838242438234
372.82502294661293
209.24943100967326
145.7797536800719
207.01895401107993
302.91576054468237
151.92260989570437
97.61948958986116
54.21776752924015
294.4065831281803
355.5633190530886
218.58874374171327
110.81914241460761
375.6012045687475
403.297432093923
219.5583858971781
179.2307214803014
368.83912924199586
190.5987471596496
210.77241798861934
208.95040485826036
304.68250580546265
515.0868707253699
383.5336910982807
363.8924063311217
348.33490765997976
279.6273961725468
230.68579736146728
324.98839972259026
194.69364492408118
237.68216349003671
290.26135116595276
321.16077597865853
260.146453165223
345.691788567537
238.52943040887334
167.58702211417312
272.3024691844085
493.3960222942829
160.3522170775032
118.15016511429744
652.6277634963536
215.26278191797266
349.5068455126651
223.33595553820913
216.3557177588992
349.08299379547225
116.09379985825575
437.19280262204325
405.67583694343284
287.0607290067178
240.43203654220443
271.2715507722281
253.77372629192556
361.4081486862527
287.91376733343765
237.10041782064613
226.46145532573038
378.6932578299695
300.99920213668787
385.54233664250864
498.20156086698904
420.1558933000812
339.5591283814331
345.8692910826856
438.0233518456811
488.44313733262027
437.9655446042259
81.98574929229451
53.26155259449102
271.1261679584238
461.6553431364583
354.59938445626733
300.8438453420692
139.39520211058337
355.8133928086388
297.36705677527436
237.34323759678563
178.04717380006923
242.01673823823066
206.85805208839312
159.07323691426186
217.85818207702602
312.0948177708722
309.0138141734508
290.5219317256071
360.23755023030026
388.1299897169882
409.73698507840373
259.1572869462607
573.7062859079067
210.19694984782734
557.5568023383763
143.91923897088765
163.5079372564106
526.2963964175726
201.56112406866413
395.05745023142026
77.34137137424533
433.9608501277586
646.4645185218058
137.75137950825808
191.2772099627027
242.0086680364118
319.0400136028477
340.27957257450504
442.3542551742843
281.09001911572756
192.8576369546478
96.11338153734785
126.4129813437559
547.2458520664377
84.35155629496202
156.1698658651952
323.4994607464757
227.9184552347249
239.41953571472445
201.93640055289362
265.7826433388788
127.62845395411146
60.88948977867153
402.318240310843
91.53481683305121
316.7288464621305
213.12252302634482
99.70309378221394
276.4603885526002
336.48492057133416
358.11070998129384
254.14552486786917
357.4391143473289
301.00948773778475
365.4613660344102
300.61520736180796
140.66735904612327
102.42574601959166
197.68402160845724
407.7009957914741
227.31551774572046
163.92241703568467
321.44166723980936
368.10121736927124
233.55094614628607
313.9057383260683
485.6009681409539
456.20608359481724
304.0568872579378
199.77308607352518
154.48174854204007
93.51301020956707
98.76679680871315
231.9771865481503
216.29756775082043
295.5314631561743
101.08169487088732
379.7621458424723
236.27354914694118
283.3283556922978
356.7529865875898
285.96655921120885
57.19450539390107
384.47007982795037
242.0916354105889
184.79620830835526
76.4446424617368
109.27326708847848
241.5283780486786
179.94207546720602
310.5997456775802
254.7219434670684
259.6577266977309
155.5098494311297
264.21410674867576
395.9190763686802
539.076352188275
346.4619615790355
105.41340020495133
282.40142354707086
195.08236676730334
374.8444455936924
315.7096144583781
286.15670953760997
302.3176053305518
258.55804755837966
156.36278565261446
193.07249008212003
233.47254769657962
147.1521886174589
177.7582391336731
297.5377397739463
508.2700932585213
226.22662553776271
302.2416617904396
396.285482707693
219.66059692466413
204.56395792997003
206.28188221424017
235.85605934633242
200.87082278330357
359.6962220113599
299.62082353996647
156.12018745713306
205.86198184981117
99.30315368582525
278.8113496588148
432.98226059548216
241.05231652635658
200.95440436616533
88.68721334287142
223.70194325391228
104.060101239847
375.88732576454424
264.8147615306048
228.19127016746265
403.73004880719367
265.07022758882357
422.2402623367372
178.29042299964948
237.85641579044574
166.03956350000755
171.85675530984116
319.49102711183934
281.11823195373444
224.8319939195166
343.43519040223305
267.4665429103224
233.08625949005327
103.24047569781858
498.4859789325742
263.96278773733644
397.17374116489424
475.10431250408743
258.99001819084776
268.2169898890836
332.2559676211022
383.9619933854691
122.01720269674392
354.30952477968367
218.72683149955847
124.01559807620966
95.89551014456829
206.5540511476712
315.3684726685536
389.3289382490223
146.30943278172515
264.91609044262464
328.91156865304134
168.68442971976503
281.4854335886265
188.9235270525501
65.73184999102364
323.2727319940336
118.94982624007655
127.17664605610317
213.20290577747576
343.77080701695377
210.03581189012297
148.17481670833817
125.0400095790401
163.21370189696512
257.1966620919719
419.46170160073547
552.4464950324447
254.47726683127294
103.69957062123555
366.9798750381851
387.7767423900902
325.83228259181715
393.0359539153282
260.2935735243183
391.65231294407965
484.9095735563481
306.0540256865288
287.95592772956115
260.9524832548097
440.9458675201796
137.6951571823028
506.04924551606797
165.6975674749444
223.4219436484807
259.5038926941905
225.7555627663699
493.4394162134089
269.27229068755605
332.56053729914623
464.50045699150746
162.67381448876597
166.4169169703662
257.1037417069512
388.8842299382288
117.81220437571754
235.05040242720963
86.25759013363422
414.1551016588513
371.64289897031307
229.71309586761384
221.96501901864312
174.0984264918254
176.5268329052203
208.66852697640712
115.42698264633599
287.246828039707
97.58028804484664
191.19434517990328
413.28340214539446
173.85815388444175
122.48711348054518
388.1803543716763
114.11833076927353
233.9493308814356
251.3557956919062
201.33738732393007
209.09951157800091
216.32580558310735
234.02536443742346
377.3695195386175
184.14311471199522
279.4652131243325
215.79508622387863
363.38482569117747
197.6137929727517
532.0885814882171
699.9305022529139
173.97059522823713
351.40836683149274
181.0551667483855
272.94484799693424
602.1401871866502
192.49001823582373
388.0153791451695
223.20973070626155
315.61959216181737
258.28270917857856
436.2964928815139
243.68740852224997
208.32957212294832
404.7779339875689
285.99415684443477
151.93708207538535
400.06382908514166
599.645603971004
153.02433922364065
397.0937621185042
77.43793715932594
124.62885980547075
424.08847635194843
403.2858781601871
177.92043122878428
63.39688605485674
330.7505488077617
106.8998379869261
172.4262517736088
354.7008259576364
108.33891528259403
227.63943532066835
218.09542164014215
409.3496408547488
236.13591547135545
329.7793176525546
284.7923213411619
231.0692533712779
285.39625710446853
185.6522749596689
264.43104317994977
246.41323998033042
284.03173688110365
193.2423402878059
35.19274468715764
382.5136478291056
152.08376272959336
120.60220031596286
514.4918573604724
383.96360641808536
104.3057614293403
89.69579455444786
299.11653347599685
360.65618678739685
324.4039666241011
313.18508391164943
179.83218343746418
113.99641961803731
311.8142598268005
314.376928354955
300.40576756472643
299.18752061274034
494.6160261826847
228.4744779729416
196.4891370904385
273.95486004798846
345.6590425594255
210.53731185174973
485.525190007594
386.18601591896294
152.1934921889516
235.92016142322447
134.36619308978317
301.77163378597896
254.7778570672765
338.59598760156103
259.5861362857917
239.89011312518127
121.60019138828115
198.06874167632432
15.057477165369999
499.211157780661
395.25169138219974
491.36260473833414
115.1402674775344
303.393478979054
179.37436315331286
138.572588197334
398.0091139464544
310.1566313179916
159.99519931528496
322.36195914118116
230.26428701442535
307.93718526779077
70.52464217454053
372.34920368146965
301.55099419549856
345.8515329803854
107.09908238977859
544.4719463497339
262.94855626137195
634.9046146554649
466.7100356827793
159.74020940381197
213.00614191236807
114.14167031146076
621.7306080844734
389.99653714894566
325.72281282959756
190.15059209846245
234.91390918861174
194.34945886936907
285.19496462666154
171.6308598183493
172.2263675511177
369.7064928405882
117.62282063357252
143.78785029008844
172.58793851659738
329.1018699343301
422.00733589461953
326.30376329393147
155.2495682530205
362.3294277457933
189.43484482544133
276.69858543519064
182.40813298826635
257.76716159217136
207.937936931594
434.3154144563241
334.49458099053305
218.61674315859972
149.71387602507255
195.79830913270888
425.1746363389241
508.406229097654
135.0476891394399
353.62004750019753
383.8732787710885
358.44000224924616
239.41099129483376
250.86619811334884
134.60296688095875
112.93265141116922
260.078459244844
434.25620749647186
155.89754705109624
515.5369882598538
198.21988953601274
332.2925278965387
351.67551327417067
266.39916388542355
344.4098249541786
189.95763760163166
382.88652595671937
139.30043145639516
154.4194526527923
261.66864414806184
189.95176041222587
367.2505414230018
237.56446358985588
181.5347355398192
382.3307868567851
237.27638911807387
248.5971316328944
142.59909806809338
352.5366243125627
275.79560158814587
211.78914849219356
95.23185561749558
237.6252870077237
204.4825082511292
105.19628629570684
176.348711281027
196.18832550169307
200.46355473572996
353.26335550394884
334.17798535486037
395.27090478278467
336.0327388770873
296.4139102106344
449.5372755342916
142.83358451347075
233.80686799833464
525.439845447165
134.29981284019507
210.00054939246337
236.5687550840903
359.7385833173506
178.6313018453241
202.42258232403657
157.86449237658906
320.8170828689568
202.8775010931285
386.25195231332043
214.70302155032766
434.59775685529934
265.18110908947057
330.90731603261565
190.3241745040172
343.07503363788703
220.71323670035525
357.7976520084261
369.15361079017237
168.54415092761553
472.475749192541
168.36955464935892
286.44633212853614
199.70947141421604
500.3282725604935
219.61952310159754
89.70049363279544
417.92519992807973
319.37274921895494
381.8198931093995
77.30336579735125
132.64734428927363
538.4409476466687
342.63644971108073
397.59768191660237
293.9506428200601
358.91816683883167
88.55913255221948
291.4695320917468
413.43384519701294
129.22955830391948
328.02147338641106
54.952162101336
309.7331275352825
385.49100017634555
318.51500399624763
372.3991783445446
214.2944997552614
422.02230559304456
70.40977998804357
281.8482576671467
621.6183558945222
180.87911554109988
283.87455945222695
325.3236126422598
467.91626626184166
180.5132749420401
392.9193125215658
229.30860846350518
201.52930043892482
197.46997175007448
360.7082880871149
217.65594689063028
273.68572030886133
108.86142378775094
208.33184062426662
351.7559522957468
321.0412202372199
333.30451724516547
313.4295615893429
96.64657175649795
406.2225784340385
72.41694795547957
154.58914046881355
210.6337954277815
158.12818156302833
264.498053999748
379.6068184399559
258.2384080585305
214.25852112005913
142.89034449905853
58.002950056919744
384.4845093254707
415.39803098411755
313.7470893850303
160.91076537047223
308.70205273124566
70.21902792087127
261.39721256921837
412.0396129682165
483.013284122499
389.72046428693693
156.92255476743063
250.65270810700258
175.16233354723676
251.21305042562068
336.0207716623517
194.75697663429014
402.5338366319831
343.13726684976785
245.5407584462819
321.07869432618315
243.69749534826582
283.61498189697784
235.56130197527656
290.44137375975583
194.55503235704631
255.05436236991716
364.8630560991136
181.27855738399592
78.05377075639053
360.1789130682422
182.4696401265414
349.0893972138377
185.99180858200023
180.1500041798332
297.9116681538495
339.36209488133187
418.6170503340032
117.20859057482379
293.7692394298843
272.0999521452311
224.29236569943606
363.0910864414655
409.5016008677988
256.13000985223346
269.46721592848223
311.0599781523842
351.09760285737
721.7641423447474
123.73065504398805
27.853560081652574
118.45660667717554
237.87448896319523
230.07032863153216
488.4739978253242
151.9666973397653
365.8327051970059
137.9468062169515
314.3807906787295
161.0676888774058
276.8963269314902
170.4496090407589
151.43433773445315
108.6149220648698
298.80341865952744
425.835657261792
238.41367186245486
389.0201814519131
360.55631201016064
332.20869444383175
270.41471580828755
271.68391121303387
410.2881877859479
207.84280796709277
312.1967633250461
285.92819395860914
561.7544220510076
487.1758541231253
230.07925216180075
183.96991764963784
423.84225528659334
120.10747009827588
220.14227419368842
127.24179727041542
276.40778831529764
185.8524510672887
201.20526795795647
165.13567728872792
67.26179124014254
56.02557928222163
365.63166278421875
618.2315753646116
286.54108081166555
223.96643107552526
287.83748356212857
58.33974858890958
270.4650204618489
124.37824069523893
573.9878958576654
184.93535783482943
232.71209961443472
283.1887650315699
263.856016249181
248.87227661738305
174.90698047695136
211.77987778734598
289.9233032886618
199.77469380225486
186.38127404495506
359.7541270926197
430.93434703560894
333.25192198069783
305.67582575961774
354.808202913727
389.6952456619623
202.39749150400672
392.1277255328197
166.46010330613865
297.8087468738815
451.86454024124544
475.64896521744254
258.4721352785344
312.7134006916916
382.5931874211601
171.78982330076659
135.10490732400095
303.3485128815866
163.4441924695252
152.81641712024577
245.2305048344973
220.05046683998296
118.15736197938698
216.2393367924273
318.9049617181904
478.6545329000793
370.51556767602585
120.60715044882997
438.4856107995204
153.96466233723478
277.4516921728161
200.91409758928
56.99578407562646
160.26049243740152
236.8964110944081
286.2748277044002
156.3822980889225
231.86947853163647
400.8164545948708
282.4112033930495
545.2446262182301
291.83620900755693
311.53567774097075
148.97644279874734
210.6447432437368
46.771216476031995
315.3282969618957
439.42225903889386
103.83883743017105
261.0082776975192
290.3547752753499
252.00064216305637
461.241917968931
394.7003459691456
399.5604388416239
481.64501553750745
232.7910605528138
448.03076513541674
413.7942014127655
339.7803696767872
173.30114645148126
247.9719334901725
375.38148468705776
396.84644365334225
264.29463965959803
215.7474726746457
441.82569950034946
242.21063058033826
159.82501620260632
265.3476758238076
299.11138761574375
54.47463007898187
431.5658749086265
206.98990261881318
315.8234107933948
248.39781328484264
138.26887639215343
414.7973869550035
259.02855612396525
269.7977792911944
273.95731461376045
387.50826964588674
377.71849929114074
330.3028423004896
281.9281998912187
109.35093568988447
383.4862339002974
301.5395637403157
389.48205524351476
237.55836175232324
401.010237618613
424.51460551024053
176.88913549311124
519.5809030267858
210.5440360968019
422.60347189101265
382.94333746774504
70.73446790304402
317.2045554744438
315.56787199607743
255.66183189253292
372.038025087575
137.90279661040069
483.5222369226638
243.64308824683263
193.25545658921413
114.21577537402392
317.7147090024319
340.56514958718134
392.9625306056036
264.9290953678409
52.991498544916666
397.11596383607775
224.11612308269218
311.49722607762754
173.13704220935642
236.18930798671883
319.41130870019856
278.84631640975647
316.4750364815351
430.22561875395775
296.1004852259342
17.572559550165778
430.73564240086023
602.05669144059
162.3842260955925
466.0863598238604
459.665709167094
218.03475587997525
246.00243261743884
414.48874528448675
182.79182903811298
214.82019933318114
152.40906905198452
257.52818635612795
273.1408934421656
171.63703399635276
137.47356663318303
437.232944098126
201.06893687334198
90.81612603433203
97.67502747173836
260.6694304790912
185.42851907288576
365.5994933983922
195.43887355954496
109.25057345055605
94.70130672955781
344.8584894813452
384.5229208546241
182.73649027675097
326.57095487034894
204.17891738360825
228.94348578422216
191.03516221963457
495.6878394703808
157.3202803005195
234.79303243566602
186.1017742270944
371.1712804225518
143.7555940238125
266.00093145512096
166.89144617154923
309.973050430733
197.01746532276022
79.75572095598068
217.27034152088228
332.71524219717867
293.5998314554893
294.31399176388516
152.03384880244099
326.00524685563147
273.0563954084098
215.53883783137488
309.01330666795553
94.2297677165085
216.0932453370098
282.4371042654311
269.67720276221166
383.9800621082078
376.799620698486
207.39657544537957
370.446756919652
324.56215494907667
434.3608332264066
287.923052171768
240.0717926576825
78.53671279166215
195.9391060900549
295.63839918229166
127.02328025098727
312.03157950335657
406.98406885408656
262.84021069456094
527.9230975142522
206.28612296244663
122.2105301653739
175.25918933759323
366.25921024606293
151.90104695930026
163.15545965135968
151.4644295454819
288.23925585316135
135.03364685943714
110.59874028804106
379.77747648590594
383.2944946556907
303.38269310143136
355.5808227380078
330.1610134401787
417.80176485733773
379.77282731863204
263.5169700873399
62.97847618262386
171.27701463465905
158.73260375868077
280.98112114262545
245.95628421890842
411.7842385237499
686.3366232312105
264.26626305682714
351.0435277471841
383.09044999243764
438.61594116057427
319.3948610907585
408.8726247726155
166.7073504640803
95.300130457646
483.01449541602517
170.80410276863938
145.0531111937896
187.0217322071449
504.6991838638552
465.9143100328753
339.2281954289504
271.43367316581225
199.9115736016037
235.03834132621873
156.47195987769555
400.0692185908046
221.89779235120528
332.13347343471855
361.6937339339724
375.3336912853437
158.6821784522879
255.5646281182366
400.96276476323004
432.4976609803722
292.63534298723545
264.657206966915
217.70340889023404
566.6867270338643
274.6309496865869
356.0514584539106
271.7105410152834
392.72738968546213
301.18699149604413
254.4652039243457
333.52880201445595
97.46110005919587
450.333034221327
335.4276887869003
492.228751144367
137.6393518424824
185.40921677254562
115.5598579441577
266.2340080894708
226.42918975503008
97.65176429481544
316.32164722262144
216.2477637806472
320.871280714363
352.3433840635488
250.59605235816485
178.17044424864855
353.7662492824571
239.6252626441916
256.4428022611236
196.46092624134494
261.33517292878497
294.24339986230405
208.7835445302361
277.8837386815319
293.5187926269873
301.4899612142919
214.73038739379217
406.94245697926965
123.50138269049337
194.7567253090892
397.82599071551317
240.30109530272134
127.31179023216981
168.80174389353954
406.5484321885609
334.182641748022
332.23322684280754
261.2987207064651
292.60932863548425
340.89051403969415
161.10810194523435
392.55482125362573
273.37193127328203
278.5445038828638
210.2863496272728
325.0769919177736
248.6745331575678
124.85706336706563
397.54870170957
318.6185182014458
365.08230659611024
241.70674871976294
129.02928035611535
490.261928448548
328.3687187368831
143.22473172991306
537.206060758802
335.32128767801964
178.13536957971613
179.5012142815932
272.6959234334989
521.7998514141204
303.7048186070913
76.40997480780403
191.38238970091516
142.8272767512947
374.9140167142499
286.39532280218873
333.7963790609137
591.7269238014986
270.88340689930214
197.17211451841737
151.06812687820408
606.4976771566147
116.81906980924455
306.0528035314077
56.05577230357989
378.2781754070252
164.74453228186113
117.76976961646808
422.8383391034767
311.7039571648909
100.14003585170119
334.6522067780427
223.39915609813883
423.7315082897101
221.75224109199465
414.0072397284005
527.0968887225351
340.9321609424298
280.9465228911796
252.75260762801636
355.30015826406316
303.62081080922763
254.27422734886062
493.24471250640624
76.09979824203377
540.3693794073797
262.00985101854906
365.66673552110973
86.80372636051773
107.82950871152389
252.215511561222
183.6988761236496
299.2841715886543
345.71081518222036
565.7912386152558
316.70172286247737
173.2816696219
333.79354617765364
397.8471719701216
540.4367819284791
255.5696032888556
206.33576309795475
208.62908308302738
206.8196470773101
394.92096245391804
129.51286706135346
449.92664705149696
126.1855522430741
164.15010101148306
275.1840919230664
267.9071767760815
374.2198104920482
546.8153997272286
293.63405881043224
111.26131298911632
242.20716611929353
452.9803345791496
247.29833702685696
433.21749530507975
357.14326254684227
194.0004513151788
227.38135158261125
569.8385460258758
171.49205486171664
144.50818829482762
181.72847611517037
342.1574515415165
331.2924226103635
212.83370397900353
357.6207742930623
243.57083462271277
284.3237961369485
146.9455061037756
344.75683561374404
402.9085328462303
239.01148510113
219.683170963405
256.0241084668257
59.96863113624829
308.89409349020127
178.89703952152567
219.54524625557872
207.1520451040606
152.2942026501772
356.853530565113
305.8712849780886
243.96756233888772
242.17074065616882
164.84959712237466
318.8351943638738
507.94237755244325
336.8105394252494
281.5430224222041
124.49320795655082
216.09624771114034
209.3362156627989
318.2045486972629
361.2153920314217
133.45586819852684
158.19661406220567
239.92819961166737
398.5791390596079
319.21149644724846
491.938196019881
212.61024098971455
247.67093301113175
101.79435542332334
375.20533950615203
416.59396239945727
145.2861319369686
97.2692542759594
369.04358275589846
142.14505233929074
352.74342456595616
261.29546774489876
327.39656560290786
273.4296015419409
371.6409813930642
200.30375607408916
336.54816718876947
458.7369695952278
112.64450741664756
454.23428245749017
272.87472274693977
267.6524736147774
305.5446560098112
285.24226087912405
169.18246805648747
282.10637496686644
244.60228883960605
286.00972940015276
391.54042375024636
144.50807221740632
203.934311399023
325.4198061048016
268.1404282004941
353.14497120159217
210.39375409058738
53.75081073760251
218.11689473576243
183.90166511956792
174.77732439757173
277.9333520209497
334.48443001139015
268.4697012442734
477.90623772601106
57.83047248450623
94.4542538084504
339.13510744369444
328.8506192436579
162.6734566822465
384.68016946038927
433.6919664791094
261.75862231409593
154.96432279627592
350.70276616582856
478.75811001291555
185.85149148403556
334.8819653532347
248.2019158453156
265.5662882498429
296.0839387203977
315.68879072957935
209.23619629569163
118.20685004519183
179.41261003477996
222.7962343731359
226.26992247787297
240.40868273898894
453.24617591827825
433.7046368869941
431.82937574548544
206.0576808645735
223.35497520598082
479.38587855887545
105.77664658137161
171.50694078046303
205.63651284004195
251.25114351709414
459.1829516710349
144.66943527682457
260.8482536029721
185.07612544059396
424.94516404806325
455.4483594581903
184.8267630680032
176.9411467704111
376.9209072943847
473.782050852944
401.72713487845726
293.7963723061477
501.2016348670703
236.11423932169683
258.6349374335606
332.393869408994
271.6319990877271
208.92050973116568
286.0842331048549
414.3243842339035
348.5871963998025
309.9381202932077
328.2059335728112
327.01735014169617
215.8547579747283
172.62901090516536
305.67576893583555
280.01792546605003
304.71559445635944
388.69711997551263
95.6689927965009
504.7772075528776
199.89893509457033
491.7503726666263
172.07935706659316
248.6475440458787
140.60777625907974
367.31958205544584
344.23980668766865
343.0605542894787
362.4953317616809
212.4993637423108
89.30648713329431
264.50861981978437
354.04612494073666
111.44870916907745
374.80265628498717
318.2331572168071
249.88277748932188
279.8993437357175
234.9674142689947
308.8984755953801
201.91471447984446
381.95144382740534
273.42387254305896
240.78970523738798
116.43585869400073
288.54794946866525
115.163332032579
256.829620855582
521.4429506284599
247.10828613739804
331.16897604597074
35.92766015018227
149.7905761686083
264.8110670532363
318.2770510564245
617.7720447036046
552.4969100625385
472.48276727953544
360.6526905552219
267.41517546062494
101.40955419354474
279.76874730381866
135.98750756786205
99.47181306858208
334.84911784184055
352.4887160851296
189.8335921386992
164.48038929376233
144.35960779586233
155.7106324617083
379.44398037519574
505.99194537072526
257.08743579069505
262.12499583891184
213.83031395113514
158.9746347459961
187.26719984434033
175.15256668758147
402.3423321978978
332.81785299497426
287.04381903581935
179.46671816781594
355.12609672584824
325.80504060058524
125.1318839869097
217.65901286984612
357.46566908382846
438.55008630729714
30.35425704235504
180.8752495225511
70.85439441154145
309.95069729921636
190.26087698082196
336.1433786916474
104.37290058103797
385.5541211201796
297.68854641875583
274.5213792712589
167.80623230956002
113.54580988103339
233.24389461931085
184.8090038367658
252.18453407829864
166.86665894442854
448.5708277809136
137.74766523567132
424.88373221633276
279.11034950015124
317.2869984330023
421.7860085559869
148.28549986631762
258.0507583523336
616.2471339058421
412.9295222509054
407.44909638338794
132.74503049961092
262.5653165081902
379.74144493005195
327.8884702976422
210.3783499866067
251.58021658019715
425.8761575925115
240.4242229141588
326.7957092706396
201.26234379432057
261.428745766468
206.29398444427173
208.49008755576486
248.35404901109536
342.6074585079026
391.6396788112927
190.74366121325804
188.00082825169213
421.8274504618031
318.57934543534856
246.47269258336274
274.40155662925184
660.6709987137311
169.85979919249795
257.53337144315793
132.04963858616526
338.01675285408953
335.0044773258349
239.4137209412923
110.05498241094541
237.1793413212181
505.8838262837331
321.3919597124832
234.7257269595655
420.1142041026989
222.98399827483502
735.4266100256228
354.1485862742279
282.0618847016897
363.735428090169
215.12123029493375
176.18991344848928
420.4578975099703
296.63279690091736
423.01531626477924
451.06796559976294
189.77419015343398
236.6764086973846
83.10562913567286
358.48109620010126
268.9629170633398
272.2835781103899
158.57199458688433
642.2895859529742
86.45714790076102
545.704661281057
352.2239061011611
329.13476634059145
134.45509155792573
180.4087548289609
215.8279209884265
357.87549411570615
310.64297421423083
152.33924808798872
514.1708843459045
132.6604773670883
308.97309700426086
495.0624589200588
323.7109431868842
571.5227731621869
431.35870213403393
93.14537334265825
269.5737505553619
390.1580443766701
163.37148265272677
295.538817025799
338.88109170310656
187.59817436204872
471.3595426402175
348.69252026230185
283.7552460833634
315.10073341464005
60.86897222931803
322.5046058939616
351.758125284965
201.09265572015315
179.44627220018438
468.9210723850405
73.8389357167693
186.42409572503547
211.64763842658868
305.6841232753285
411.9151093867011
579.7036715974033
177.12597188104036
359.2226423047972
126.88396711622387
134.2163935394912
369.9002146648692
130.69986370811748
353.2934752433215
290.9991028046312
150.28201624228265
212.94495092203488
379.46614126946906
312.44321831470654
289.00159178537746
240.57307087059036
403.8096431976048
210.43774877452108
170.72802330600274
126.14741582933407
189.1714888802582
328.4277222247759
259.7797772342112
299.17984058481494
112.98753504609068
330.8922504958406
125.21832334078988
159.86485134045085
227.77151245714433
305.718577832681
362.74521486880076
336.8284017323728
336.6232883168203
326.6167003577472
54.98689916170556
348.5006340080794
369.36573354302567
494.08454818935644
287.7184883168894
510.2282539504847
152.51112486664016
150.64725011832627
94.18377465018636
360.60539675226676
413.73380949406635
398.6937432367624
153.45789334031437
241.19441933781624
360.6787068529827
404.6669732921171
215.38777259114886
154.6407479815838
167.2038495865919
98.99321318479353
326.6619972590382
220.62438760391666
244.20813197073178
296.7848319544963
377.62368589847875
324.37827507981456
186.1685515896088
362.38389187363606
346.13296454627744
444.6775461244976
518.6006630526073
502.67576346124537
456.025916005423
252.21473893221537
226.48219748310945
430.4693676827844
337.90578187041945
253.94290015452054
158.1879306984277
406.460942300916
221.83018422580668
116.75400663373719
351.84058776414344
180.82947716939609
206.11151997472183
181.92590070717375
468.86522451452424
242.54322533800584
367.16732925654543
245.80562682294473
219.72699685577535
134.49829638434323
282.0282612886073
131.97518128038067
414.6193007106928
94.45799281979023
238.26637229458353
197.97104945375995
155.8085841404796
374.7022173348575
439.19585478119257
119.1992199328631
150.95128120954138
266.5385189337473
416.31802993500105
388.99059372025016
462.1453164430092
298.7829577332613
271.9199911601544
185.48471835748916
146.0452808828338
390.0334728698792
283.1058877962539
212.4929688064887
224.9827978881259
303.6728625661302
416.4047899387006
385.9248515171319
266.76500426574023
74.2860519950592
350.4411135104744
278.4159557625696
368.40851752395105
104.33294041803327
245.68935551320882
338.42697631125833
437.84666500780287
273.42069769384756
182.275699123165
229.46909158056386
422.225041624464
223.62921010577102
342.54343754755115
165.3528250076872
203.6238785071713
317.5650651888713
469.8217205891384
225.82268750893306
461.3918810947373
269.1337928236206
302.85793922406435
100.84388324073298
139.17036921433078
270.38242554694966
289.1408819660641
530.3854277511996
179.01747853787145
404.8654033080064
175.48604011066666
69.61606445097019
128.81040158830794
332.81531920604465
338.5139334766094
218.34538239263298
360.4149237041469
467.0157153483986
385.0988884959102
289.13320257033087
320.01472214314055
275.27911069302866
226.82849169144177
13.517949485069959
208.9968731362068
99.71946525954819
382.31951659722887
133.990702263498
113.38471788092899
304.51109587108346
641.9037578304232
295.9271120535891
201.84796287553405
38.238137218796766
232.73214341701913
270.073615947535
282.59658105900604
319.2455748236307
283.8328761843803
310.44964641632873
108.81587723465559
204.73808577788657
260.3809122454557
415.26391103220516
295.8440806518008
145.85297632239906
111.83124201046557
222.23552558899658
548.0170155073306
157.89627384479272
302.716891107689
179.23375826844781
232.63255960037014
396.0821054807928
264.1123061117109
146.93119592657155
252.38925162433262
184.86479357899594
195.69980854181622
290.6710991622036
208.29987237325147
261.3728805649907
299.83196418136765
226.9170865696426
419.45101946893453
292.5575238632119
174.44220974916644
166.051740559168
281.6068581393543
290.62569577721024
155.57941237615
198.32507589826778
164.38772496124534
351.2524656633076
251.77520222315124
395.51571079412656
177.69902600205683
320.5274029094952
247.08418745208334
205.75933123239744
237.2297640707073
84.80292320166586
178.2046387317804
191.86220579626126
339.03065427606276
122.98310008142106
466.8038630930837
216.97615496177377
90.70575828726601
244.566373583692
110.20355761957964
208.4032994967301
209.5413981069106
460.9202357154508
277.0493380009907
232.52042163004458
202.3400212711375
307.9306441189737
487.15455329114184
323.84935025420873
538.8628680906921
376.91945210597873
108.97506732098482
135.20793256618919
203.39946659556665
374.9927721034051
231.86294759064532
197.1831555311937
376.6290565768387
298.5439976976725
691.8956964399072
248.02034329180015
349.7555065655233
182.84069640782772
354.8535714096506
354.9418462102557
232.256122961694
232.12953719959754
257.6128887821044
325.16813999359715
320.7675033022537
56.550062541901
269.04880104247917
227.3889457458924
114.4023277063166
265.6631553531433
172.3942579865484
139.12656544214175
175.53569274012878
220.77292149948377
342.0262312547137
226.77923264453153
292.9608138905065
359.14984593424845
187.17324306415975
219.65990097366733
445.27121149274404
375.5254271546551
570.3335897887622
157.47881236464303
138.06489448091358
457.1383240530514
78.94049259861501
126.4485524458589
497.64398087826385
426.2146163990889
527.2536577938631
282.40483644683985
389.2277483309774
238.97449124862126
392.6948818472677
514.4655112922219
350.1257572731876
357.47835386902216
166.98204448172234
347.77063076929215
280.9325036131536
175.373140246046
287.64695519233067
157.41761467882412
381.13372322882003
359.5595846141801
126.26738653001517
256.1843615085895
262.77324636408963
303.3702736387337
340.7355347843792
266.52750480152736
420.4157645819849
161.19758299162214
398.9025811339522
436.2776346848482
328.8425871466543
84.03582572043558
297.48475321015786
249.6785116411936
192.11893923286962
497.4269310053047
128.69194726800515
280.2552792037914
288.4011440968265
274.5841581811566
237.17968245926298
168.05723969071795
538.7630482120139
208.3875459382313
308.7951144350281
645.6233767619553
273.2596140556283
296.132094579472
424.4680588980344
208.8257705758708
308.77832823002285
409.95887997808825
229.1125814661382
352.7487575438643
142.37490916286475
93.36756053902117
265.83375831252647
115.79047766064116
88.20703493302625
414.2467574491747
250.67101582868884
160.6610277710432
108.73356124251389
120.99793398249055
290.0956538410065
258.3277756411604
324.22987200884285
176.70773936271002
323.9197248414338
277.37432715480315
373.7780144807716
116.65405840226751
296.92411565951284
193.59377886834886
259.1916135547005
367.29389457151535
274.2013000629753
228.20975782988205
173.65267738429523
147.37465119417416
388.2993810374089
269.1203174556909
224.86476573840298
211.9566378365854
124.59559715441672
444.0752228085284
203.75393629519087
251.86886162947675
217.16789033232965
438.109238800126
431.8852897254922
141.13904907182865
95.70215530666366
209.73574433425978
557.4815542990498
222.8846194623379
147.80110927102157
218.78038283206152
301.9396025605188
208.86720626782088
588.7132767987265
178.1296993434539
250.79392477592071
41.4120102414215
153.2255464480215
339.00050105837465
349.17877382842426
90.57533912765896
301.929806044398
249.82524341730408
103.97716356189038
118.71184937297802
273.9935557667825
233.53595726879578
170.79997693871897
362.8402111453553
298.2745989314571
206.11325968823206
226.09975482980389
322.82457203826965
396.10848442851704
423.56432085733803
403.62449716390785
139.74092841270019
300.30087174778845
252.28304021114405
367.1422275497896
178.27087132194748
279.3935967201306
414.6799157139531
154.79915472051005
116.74102363515289
292.61578878066246
364.74244632355453
121.1953575925017
157.26861570392876
179.10743003839767
226.1809060245857
383.8897077064093
203.82369747199098
397.86672111050484
258.7437358137266
441.7375931093675
508.80303726285854
217.67417976956477
246.20078806957227
42.388562043180166
355.8619983337923
107.55222236490587
321.4454038537925
