110.22962899980426
268.5421934645286
67.18713528051369
147.57039504846898
110.65235028673095
160.08306597684148
102.85448134575385
36.460726305042535
58.94292920048636
212.99716738763283
170.361080121973
122.94447422128806
89.08992735613072
189.37091715814137
109.4404855193918
92.69877230051769
158.3916606399947
155.964928724869
151.39078498095168
75.61627083713385
123.82706561794558
312.1237085263577
114.96831677250032
93.46793076047035
105.314616914434
182.4999854770899
245.40590177904008
308.8689860555313
157.11460440504078
132.46532448386628
75.84700755115493
68.54013109365981
106.0496015102845
273.38484268869684
145.0344888386795
104.35626233690328
89.85278742466234
121.77739926450953
146.56363512078784
182.97815464136508
23.203468344806307
181.39370772054932
56.01519803129897
95.56384921122917
97.31386089206045
98.92900304045205
201.6135154714196
287.9662857275479
70.97117029957391
247.07041520252727
310.36409058545615
299.38693940248055
176.26457202618016
76.10370973154363
162.6004454528488
110.17157449584408
140.14943617937385
102.5269718970404
294.3649199115804
121.75501733039512
219.92450296063214
240.656753255991
205.5976972730999
186.73226667013722
170.41494595184506
183.74330638738886
174.931758387445
154.81388715303243
105.0001235802093
257.8382882262994
186.17306320501726
111.46721579075651
78.39184926856866
139.33198319919487
169.89355000395997
188.26801577911613
91.36367504695848
163.51048423051066
157.804387947801
189.72584151907844
189.20901870554795
111.47218687086584
158.51428502128874
235.16666662414488
177.48793871584147
142.09773181823482
83.56574831734297
191.74210172098435
63.01325934681597
177.660461844534
158.14776555774046
257.4912878038128
96.06815172065325
86.05250230398393
258.06614356870955
135.14875487352276
273.27984004971665
112.89329468029239
141.9159711605316
90.06426497903018
136.0774312887528
265.2195952640454
156.09046375614767
133.9650520979723
207.10838814915863
94.02993434656288
124.14800847417473
78.87356468806854
299.2653693069913
134.08195872918634
169.48704171404904
302.0137136211161
261.3708494602884
236.06054647572574
83.22960859694243
314.2310190750223
314.29748023495785
55.38820575781236
156.17537239128285
106.50472479473702
142.61529747230952
224.59889760063626
139.26229970722645
277.4651764306294
171.3802922685046
217.20555561007063
231.51413926986177
141.53713041741042
172.44011477441353
96.32635725937898
152.05873704949494
142.70716138087604
221.5823509755605
136.57249038224862
66.5036262726122
163.94264009339398
138.95000118826914
182.71204707271767
219.75795470160543
60.41503071059096
140.28127709557742
144.76078791575435
323.4286002409143
108.6649254617938
229.37721527222192
230.8369790762684
232.6484025754956
231.7628397780781
145.79120329808498
120.35463496461968
102.69751795813256
129.18303472514344
252.93784832588418
189.60424253968517
237.6439956102393
137.49178950245107
168.87118449649992
189.79432686394455
59.67303640802227
135.56152666584882
103.11276466159921
67.73031040372996
212.6562160975888
225.84496957106066
241.38542404314657
135.04436140355455
89.86937653927815
200.78153642804466
140.8178371744345
169.25160734502657
77.72329280496078
137.96960960548265
129.67117815195667
110.7036003822792
246.71931200173088
78.65685633975514
267.74640587034287
267.32979478864354
217.36382173648084
176.6982094627578
158.36458843643143
64.18885805509153
176.9196529762823
105.47741036489596
222.4070007129428
152.47529543557724
164.5489182123435
133.41234174280868
93.0724806542399
97.72490431119856
157.8649866791039
120.19665655397199
192.94100590766
85.64858848521978
206.19334743447712
216.7690062238174
304.75770003861385
123.67270162185392
216.60158693470552
90.82771657762203
98.11408629060253
158.01272601103906
72.01896293713335
232.43190632390244
262.577228333876
181.84269620052007
56.26431178336047
177.80149221338243
173.52417635175843
316.62875014750205
93.23693353581754
111.78869336756944
122.99062735640383
109.10727876225948
157.36004774357104
209.35954324763173
220.26606020347282
161.1804519629045
137.02805809082562
102.54943730309444
269.31746058745216
182.72308563936969
182.04619716763713
154.81861484567344
293.24343101873
144.6497316540572
213.48186647224145
248.12274386447456
43.89939642821096
171.4804031676682
199.23785469946813
163.59778539317963
151.29446628058392
182.17723721600737
366.20581770403476
189.60512001073073
286.7848847769179
103.79516120829679
157.5742231568183
118.06330452433455
135.2660914499955
144.42503023606042
177.1631288475835
151.13914693765068
63.18995707880513
65.17520477379982
220.14189404939953
125.30749475947533
180.4046653454364
97.88858660018647
86.76700688517509
209.59307691342414
218.61548353787583
134.22199909638056
273.1727996831561
378.3960582983434
53.3063402916783
218.4120395505488
151.07823901010644
273.2967197057011
165.4160408313905
78.38265723172
158.7293252293013
206.40922711907243
140.64307516094763
342.4233833956912
202.65896088006474
195.48739454253825
134.2647553782771
125.02541303623252
111.80018681463176
137.87919941550754
287.57190063648136
94.66485201452458
110.0987928946013
193.5715693807393
220.1674561455729
93.1530982350629
71.27481931536718
146.04715957506198
118.74345643379667
87.61726428937462
146.93960014270687
189.14583421823664
115.0743199376096
173.5530769241777
127.76265181361767
196.43693818425055
109.17967638752334
223.86868682143785
154.686205686885
153.96072349584958
161.13101933812084
164.73187945265923
230.4468100336233
158.2547186592436
108.50649108953357
85.73678813521468
137.49958516911929
254.49276879127865
291.0546888834158
194.8894543133434
232.6328835318365
141.42376003583112
225.11135289299676
202.3161197849572
295.4016968152207
180.6355808666006
107.93215736386348
218.38071232226497
125.65947531256825
341.46825538351754
223.99419441660066
182.67640084315832
130.13857346398154
73.38093087523453
233.68723355475973
172.5225042004397
359.06323760449783
103.78577100011087
213.4263353960551
247.874552269512
149.0168319282707
113.77190543464644
183.8796609799732
188.7112756995452
56.402182106993266
96.04658835995804
132.77118983601974
151.07780873387958
104.73351349872598
131.29003956623916
77.30057363627047
150.0736227004733
239.22233331226397
198.3192126032836
120.30811489508505
120.11751124691206
116.02214668213722
160.349538600549
166.0380938752422
175.4760495310465
103.99879226793311
140.30589788209076
108.40112042776857
163.74269142999307
266.1887964062409
292.4824256421845
131.30532035606842
282.1441384174007
206.55961734325754
167.64379411167926
109.85276352656471
80.77593206825783
121.29703592520697
113.23502885977979
169.13302678544997
383.8781436034991
156.45356011395717
229.97522089678256
190.00154532053435
143.310055499193
112.55942659399636
114.2320016336835
165.46521537719534
106.39072359288254
134.80784412337857
209.81488754136913
222.82156659093434
297.7687937839691
167.1292473749465
234.32669137503072
168.24917686768768
304.5891609010005
219.5912665584697
68.0796294420181
42.71493251298656
185.67599757886174
361.48074700860707
217.3224546771358
95.29141233785198
65.56252767088138
200.7146836950891
263.23139583492684
150.98619278228608
136.30524891209865
61.595148371621086
222.02480757925403
195.70284575379253
126.55689897633813
206.30479895303162
156.05962621599875
43.358081006776445
178.11588745899556
212.31654981270148
166.473948326486
233.7157610383925
122.36248159267178
106.85906689416778
76.27977784416827
160.8634651927489
209.05376476046587
214.50868780793132
74.93129202865273
122.45667155499487
91.75935785987163
156.71243236649752
167.2683586483045
178.55428763983724
120.50074007838852
111.17839226596823
257.8089149556383
75.73327140253201
116.86947738959991
88.07681100608853
226.38242116881952
134.92162367093468
142.41400618466443
60.13686518905161
61.206483041208436
75.20932568454204
85.67361914697469
242.04668216251432
103.73496631187662
230.42627300225382
192.26258997497908
36.14330475521625
123.35808871363614
102.31195530030583
125.5717167679375
112.78685230539733
6.846886871592305
96.78910307374174
177.71285448669803
175.64319456085263
261.5143558691993
194.7303364967088
200.47920267244373
155.03729251502685
153.0629125429027
93.93569574285402
139.39066868272027
65.26867770950804
139.5308829927388
166.6839721555179
123.71062298274202
74.08397720942826
254.23481293484105
232.63863899296513
66.28872162469489
166.3310310516773
253.4463111883543
194.82110635637252
138.00018411095567
88.12448911498444
156.71346007327628
267.9381793828052
165.2095428952814
180.34629697664087
132.93391879228233
232.00071645358892
93.76579001575
93.19932720459782
159.24512107239062
237.85723973142007
203.0443848179887
120.25279108549792
72.04323336290682
216.54588090737494
246.95655149025202
123.26784134664204
137.02260272885147
219.43334638923724
211.79730126220912
145.45754777712244
128.7884591842028
141.48941688525557
85.60017901674084
141.55758474546417
76.77197174289637
132.78185479068176
261.8337067553408
130.39303121863827
169.0600267597942
317.3914313658925
203.41929008580618
131.7140439708111
204.129675156385
190.28358565742545
66.70049342734168
135.90610129642423
187.4757179844469
176.58456722887885
58.79652048309111
247.19335990003592
126.58900496671465
98.38866610573861
135.99791621704364
176.0251630384161
296.94583351492355
131.6639152852529
117.28012411022549
150.33969687708108
114.09488465264634
106.01418606871937
128.53056032343994
86.209345978801
150.74831941392202
126.55332939712903
84.27038063862746
99.28060120238888
109.60307078293967
238.07062907657442
237.63011513188366
86.07143531524594
168.35267908699433
101.39340502558653
113.77816911739092
110.04544919444642
252.78887908114015
88.03180652179336
147.06569989124418
219.65668196393878
130.18447698840518
254.2497148185722
188.39370194500395
237.32275027189783
136.83112545428506
110.15332514905398
82.593610808378
181.81303809341068
249.06442601317963
207.16830373034546
162.08649012053394
213.61684936853146
120.49577951911739
95.02798378866545
171.86891256310994
354.4273113508892
173.46475465802897
242.57956911114783
133.2257381828598
52.513091172969446
155.50394360603568
147.10464985748627
212.9333327576076
88.3738561285484
142.52082876075423
221.2585590346385
77.0948625252383
291.2793321795967
192.57955241847262
215.37289646551287
135.06034464130815
176.75476406577823
104.87400060752498
45.784621755997414
232.60032384433964
201.19484589779867
158.36034230130085
122.23545354373505
203.29108658477296
230.1333417750563
186.22799984413064
222.76576036641515
86.99894384617556
251.4255179032904
192.00133672972206
182.02592475456422
346.2929277931878
156.64813774875276
121.73566123947518
66.48464798001623
281.7831263073922
265.746849165648
225.41565473390918
97.32336748535892
156.69945053319884
196.9227495768823
120.07286434152262
111.70041193494211
117.32642992028828
167.39783767266758
197.9369651757818
135.13769776113833
222.89743646334023
181.26069688500147
120.61870904767777
77.56919659733482
214.229856530899
134.8364061287429
180.8388687547266
94.60656361662085
180.98950740646524
157.74714784648646
116.88925375186314
148.3551982738709
158.69073426399447
128.59946964710196
129.5133876537915
152.8874269351944
276.28352734544484
88.65400998102128
122.4204203999945
115.42840330264193
284.9873391595415
160.141789331535
158.6702447237202
274.9421778666211
242.5102277418539
82.74589589540335
104.63562913873125
214.07203854641793
243.65661620600451
81.57608264432669
114.80056602738163
122.50852685624963
77.17884993314173
82.59324267882178
157.78493678303548
199.33954201792935
64.4073477493584
151.1153941031669
300.93580382476455
145.23120398482575
129.8486466802639
127.24388948743628
142.7963548014156
176.897053489973
102.23814299351471
254.56523376248495
92.14805010739859
207.91716724203616
170.38123937409804
223.11979391913565
145.5612503667392
149.88674990247216
91.63532787420793
128.79981622123893
163.22956168580205
253.79433554252486
199.41408918100205
188.2767819166348
110.88591052077135
61.692928730172135
201.84753929533792
119.3127127799198
126.82815953266757
128.1453137840414
65.05908997875198
211.75039544857225
118.84568673507664
82.79733834979356
117.57886191830609
172.04459707444136
86.28623971063654
55.444114582305
30.79361881721174
167.21170511415113
201.94640421681825
124.15006012258348
62.94101906804187
213.3271611556931
229.05756662744204
124.70078473962116
101.7962108111196
209.4865507352321
108.25280495997461
119.71068843991019
118.67585278771406
173.04804109065805
292.5497084912605
217.83250833567615
206.67700741283568
197.84094161254617
158.81769032259618
131.02072744042707
184.58101246646322
110.5785546237148
134.99439751415264
164.8573733888075
182.40706298153563
147.75325803722976
196.33975295900072
135.47561227834234
95.18302657998802
154.6574132773811
280.23013114952386
91.07393223610906
67.10478851603708
370.66768668230446
122.26104132862363
198.50655113706222
126.84629652234118
122.88178901779752
198.2658265967264
65.93682228551941
248.30883120541156
230.4083937817377
163.0395417580192
136.5562198834878
154.07188944452056
144.13379176570294
205.26604628965762
163.52403464027782
134.6639869634584
128.62146245184792
215.08332486511415
170.95606599755996
218.9733404393453
282.95949813885966
238.63252303400682
192.85663322661307
196.44056551388755
248.78055496378116
277.41706680225235
248.74772941096862
46.564740492584264
30.250474389761454
153.98931611958304
262.202610268525
201.3989172843366
170.86782622186175
79.17113831585658
202.08843072186372
168.893138810152
134.80190089085076
101.12399460448863
137.45627006818717
117.48747791383855
90.34751541219083
123.73513007737529
177.25795295226524
175.50805387393268
165.0053691275332
204.60117622600663
220.44303283209922
232.71497356498443
147.19144804531157
325.8433052425205
119.38384232302856
316.6710006770636
81.74061955859653
92.86625591418613
298.9162815919479
114.47902316691273
224.37756074367533
43.9269228256842
246.4732106224332
367.16719724693695
78.23751266829676
108.63814848054753
137.45168644427437
181.2025493550741
193.265818315782
251.24034839186558
159.64840703612083
109.53577190649732
54.58872274596277
71.79775023820608
310.8147637141002
47.90846519831515
88.69852707003405
183.7353560654211
129.44898166406446
135.98115824411656
114.69216852791902
150.9543998267354
72.48808684659336
34.58287602593886
228.5014032143512
51.98827745114544
179.88989748910566
121.04545512456859
56.6275239982807
157.0189506496987
191.11059510917244
203.39321747888624
144.34495922645
203.0117764929957
170.9619067962343
207.56811595131563
170.73797014593416
79.8936922588965
58.17389593021781
112.27697527028627
231.5586233950368
129.10653819750172
93.10167902199714
182.56660448102568
209.0674553398677
132.64802248388466
178.28648240504663
275.80281912183983
259.1076489320987
172.69270705183735
113.46348332526549
87.73972403851123
53.11180990281052
56.09577572888594
131.7541867399334
122.8487588193653
167.8505966241398
57.410538158044986
215.69040562397848
134.19435841280747
160.91969445938946
202.62208561035538
162.4180931455334
32.484262469843586
218.36434240471522
137.49880933522496
104.95718373134687
43.417625716280234
62.06302323089179
137.1789003360934
102.20023471860908
176.4088039352523
144.67234293189634
147.47567952799935
88.323648988199
150.06353064171637
224.86693691854973
306.17480992188604
196.77717617823686
59.87076502029133
160.39323166130225
110.7993402131572
212.89733555343633
179.31101423066983
162.52609208394202
171.7048616333117
146.85110414626948
88.80809461510141
109.65779929956814
132.60349667025773
83.57681945202364
100.95988787599529
168.99008080676435
288.6780261920526
128.48808868368124
171.66173327173016
225.07504004730603
124.75883283533496
116.1845192573211
117.16023131363004
133.9572390640911
114.08695958142627
204.29372863624374
170.17319655155367
88.6702974507938
116.92174639219542
56.40040218201178
158.3542094021898
245.917407146208
136.9085158539573
114.13442784148266
50.37092295300324
127.05416268449967
59.102173767034195
213.48965856381903
150.40467773699473
129.6039322335612
229.30325638862246
150.54977459068962
239.81635868068506
101.26214593340293
135.09336628427795
94.30413721082849
97.6080782341894
181.45871791959382
159.66443009802487
127.69599207533311
195.05808891686155
151.9107886028726
132.38409872460085
58.636628241612385
283.1210248478593
149.9207899875398
225.5795336691216
269.84113987493606
147.09644582096092
152.33701585092294
188.7087088109156
218.07576510743795
69.30111805181824
201.23429809176767
124.22849003508999
70.43610661362594
54.464956538712016
117.31481659974379
179.1172588175354
221.1239857595514
83.09817455991298
150.4622306498671
186.80921996596456
95.80631718550903
159.87298618479923
107.30135466985091
37.333144373480906
183.6065737256758
67.55894318353025
72.23146513866688
121.09111194329823
195.24870701552697
119.29232505123217
84.1576267841837
71.01794589845349
92.69915530341221
146.07788896801068
238.23825020478733
313.7685420496607
144.53337602579026
58.89739498989683
208.43057235480015
220.2424024271177
185.06030772762355
223.22943055876044
147.8368171561516
222.4435774204667
275.41013743870224
173.82700947679453
163.54798071716692
148.21105119138923
250.4404378828977
78.20559070896957
287.4166642287942
94.10988961915537
126.89513704869925
147.38830757014352
128.2205424842046
280.2547742891936
152.93638626876822
188.88169592266956
263.81854606376356
92.39251764035738
94.51845137206688
146.0251138234261
220.87141145690114
66.91282679170297
133.49965821712868
48.991018583320084
235.2242992953749
211.07898784767053
130.46826948649422
126.0676571748598
98.88125419512838
100.26049529203453
118.51575783226173
65.55809937529766
163.14523903711745
55.42186116427146
108.59108864460971
234.72921169328507
98.74478740773492
69.56798601581013
220.47163634376477
64.8148469988306
132.87429027602965
142.76049923640204
114.35194675905889
118.76053655955535
122.86479824062062
132.91747464341574
214.33149377960814
104.58625953154527
158.72557718327016
122.56336888189347
206.38871548004778
112.23708614701877
302.20600961536667
397.5338395853727
98.80865775929054
199.5865453573996
102.83241838585286
155.02225789430875
341.992643829557
109.32697785781605
220.37793520224173
126.77460580305683
179.25988927897183
146.69472128488232
247.7997556404898
138.40514750932778
118.32324324181543
229.89841489824155
162.43377033001104
86.29446547328159
227.2209927753444
340.57583208672787
86.91198113911466
225.53411611119088
43.98177786904397
70.78442895875165
240.86608452240628
229.05100256516747
101.05200514467789
36.006997326840334
187.8536955698259
60.715011079892825
